4.423099999999999810e-01
4.418799999999999950e-01
4.418900000000000050e-01
4.420499999999999985e-01
4.417499999999999760e-01
4.415700000000000180e-01
4.408000000000000251e-01
4.408000000000000251e-01
4.408000000000000251e-01
4.406200000000000117e-01
4.405600000000000072e-01
4.402900000000000147e-01
4.403099999999999792e-01
4.400600000000000067e-01
4.400000000000000022e-01
4.399399999999999977e-01
4.397699999999999942e-01
4.395700000000000163e-01
4.396399999999999753e-01
4.373099999999999765e-01
4.373000000000000220e-01
4.372199999999999975e-01
4.372199999999999975e-01
4.372199999999999975e-01
4.372199999999999975e-01
4.377599999999999825e-01
4.369999999999999996e-01
4.369999999999999996e-01
4.365499999999999936e-01
4.365499999999999936e-01
4.364999999999999991e-01
4.360100000000000087e-01
4.360100000000000087e-01
4.360100000000000087e-01
4.360100000000000087e-01
4.365100000000000091e-01
4.360100000000000087e-01
4.360100000000000087e-01
4.360100000000000087e-01
4.360100000000000087e-01
4.364899999999999891e-01
4.365499999999999936e-01
4.365499999999999936e-01
4.369899999999999896e-01
4.368400000000000061e-01
4.366700000000000026e-01
4.366700000000000026e-01
4.360200000000000187e-01
4.360200000000000187e-01
4.360100000000000087e-01
4.359999999999999987e-01
4.356300000000000172e-01
4.362699999999999911e-01
4.360100000000000087e-01
4.360100000000000087e-01
4.356300000000000172e-01
4.353799999999999892e-01
4.356300000000000172e-01
4.353799999999999892e-01
4.353699999999999792e-01
4.349999999999999978e-01
4.346999999999999753e-01
4.346999999999999753e-01
4.350200000000000178e-01
4.349899999999999878e-01
4.344999999999999973e-01
4.344999999999999973e-01
4.344000000000000083e-01
4.343000000000000194e-01
4.339999999999999969e-01
4.339999999999999969e-01
4.339999999999999969e-01
4.339999999999999969e-01
4.339500000000000024e-01
4.331999999999999740e-01
4.326099999999999945e-01
4.326800000000000090e-01
4.341200000000000059e-01
4.341499999999999804e-01
4.341499999999999804e-01
4.342300000000000049e-01
4.342300000000000049e-01
4.341599999999999904e-01
4.341599999999999904e-01
4.342300000000000049e-01
4.346599999999999908e-01
4.346499999999999808e-01
4.341599999999999904e-01
4.341599999999999904e-01
4.352800000000000002e-01
4.352800000000000002e-01
4.359500000000000042e-01
4.359500000000000042e-01
4.359999999999999987e-01
4.364199999999999746e-01
4.349100000000000188e-01
4.355100000000000082e-01
4.353500000000000147e-01
4.349100000000000188e-01
4.342699999999999894e-01
4.342799999999999994e-01
4.342699999999999894e-01
4.342500000000000249e-01
4.341999999999999749e-01
4.341999999999999749e-01
4.331999999999999740e-01
4.331999999999999740e-01
4.330999999999999850e-01
4.341999999999999749e-01
4.339999999999999969e-01
4.341999999999999749e-01
4.349100000000000188e-01
4.353799999999999892e-01
4.353199999999999847e-01
4.356800000000000117e-01
4.356999999999999762e-01
4.357099999999999862e-01
4.357099999999999862e-01
4.359100000000000197e-01
4.343600000000000239e-01
4.345100000000000073e-01
4.359899999999999887e-01
4.345300000000000273e-01
4.343000000000000194e-01
4.345200000000000173e-01
4.342599999999999794e-01
4.342599999999999794e-01
4.356999999999999762e-01
4.358299999999999952e-01
4.349999999999999978e-01
4.349999999999999978e-01
4.346400000000000263e-01
4.346599999999999908e-01
4.373600000000000265e-01
4.372599999999999820e-01
4.372699999999999920e-01
4.363600000000000256e-01
4.369999999999999996e-01
4.372699999999999920e-01
4.372699999999999920e-01
4.363600000000000256e-01
4.352800000000000002e-01
4.352699999999999902e-01
4.363299999999999956e-01
4.368900000000000006e-01
4.351599999999999913e-01
4.351499999999999813e-01
4.351499999999999813e-01
4.351099999999999968e-01
4.346800000000000108e-01
4.345200000000000173e-01
4.343500000000000139e-01
4.340600000000000014e-01
4.340600000000000014e-01
4.340300000000000269e-01
4.357400000000000162e-01
4.357699999999999907e-01
4.344999999999999973e-01
4.341099999999999959e-01
4.340499999999999914e-01
4.357300000000000062e-01
4.356300000000000172e-01
4.341200000000000059e-01
4.341599999999999904e-01
4.364399999999999946e-01
4.343099999999999739e-01
4.363500000000000156e-01
4.367400000000000171e-01
4.356200000000000072e-01
4.355800000000000227e-01
4.355700000000000127e-01
4.368799999999999906e-01
4.351999999999999758e-01
4.351999999999999758e-01
4.359100000000000197e-01
4.350899999999999768e-01
4.367400000000000171e-01
4.368400000000000061e-01
4.372699999999999920e-01
4.372699999999999920e-01
4.395000000000000018e-01
4.380899999999999794e-01
4.380800000000000249e-01
4.382300000000000084e-01
4.382300000000000084e-01
4.394000000000000128e-01
4.395000000000000018e-01
4.378799999999999915e-01
4.378799999999999915e-01
4.395000000000000018e-01
4.399000000000000132e-01
4.394600000000000173e-01
4.394600000000000173e-01
4.394600000000000173e-01
4.393299999999999983e-01
4.394799999999999818e-01
4.393299999999999983e-01
4.390100000000000113e-01
4.395000000000000018e-01
4.395000000000000018e-01
4.395000000000000018e-01
4.395000000000000018e-01
4.395000000000000018e-01
4.395000000000000018e-01
4.397099999999999898e-01
4.395000000000000018e-01
4.395200000000000218e-01
4.395000000000000018e-01
4.386700000000000044e-01
4.377499999999999725e-01
4.394799999999999818e-01
4.388900000000000023e-01
4.394199999999999773e-01
4.394100000000000228e-01
4.389500000000000068e-01
4.396100000000000008e-01
4.395999999999999908e-01
4.395899999999999808e-01
4.386800000000000144e-01
4.386700000000000044e-01
4.377900000000000125e-01
4.395499999999999963e-01
4.395399999999999863e-01
4.395100000000000118e-01
4.397099999999999898e-01
4.397300000000000098e-01
4.397300000000000098e-01
4.397499999999999742e-01
4.396800000000000153e-01
4.396800000000000153e-01
4.400000000000000022e-01
4.400000000000000022e-01
4.404899999999999927e-01
4.405000000000000027e-01
4.409500000000000086e-01
4.409500000000000086e-01
4.399000000000000132e-01
4.399100000000000232e-01
4.399100000000000232e-01
4.411399999999999766e-01
4.384899999999999909e-01
4.385000000000000009e-01
4.400899999999999812e-01
4.400100000000000122e-01
4.403699999999999837e-01
4.401800000000000157e-01
4.394100000000000228e-01
4.401800000000000157e-01
4.401700000000000057e-01
4.394100000000000228e-01
4.394100000000000228e-01
4.380399999999999849e-01
4.381900000000000239e-01
4.391599999999999948e-01
4.392900000000000138e-01
4.392800000000000038e-01
4.392300000000000093e-01
4.392400000000000193e-01
4.395800000000000263e-01
4.418599999999999750e-01
4.420000000000000040e-01
4.430899999999999839e-01
4.422300000000000120e-01
4.423400000000000110e-01
4.423300000000000010e-01
4.440700000000000203e-01
4.440700000000000203e-01
4.432900000000000174e-01
4.420700000000000185e-01
4.419500000000000095e-01
4.419500000000000095e-01
4.407699999999999951e-01
4.407499999999999751e-01
4.407499999999999751e-01
4.407499999999999751e-01
4.413300000000000001e-01
4.412400000000000211e-01
4.412200000000000011e-01
4.401800000000000157e-01
4.400000000000000022e-01
4.400000000000000022e-01
4.400000000000000022e-01
4.400000000000000022e-01
4.400000000000000022e-01
4.400000000000000022e-01
4.400000000000000022e-01
4.400000000000000022e-01
4.413000000000000256e-01
4.419199999999999795e-01
4.418900000000000050e-01
4.427099999999999924e-01
4.411300000000000221e-01
4.411300000000000221e-01
4.420999999999999930e-01
4.430399999999999894e-01
4.430600000000000094e-01
4.417400000000000215e-01
4.410000000000000031e-01
4.410000000000000031e-01
4.421999999999999820e-01
4.400600000000000067e-01
4.388299999999999979e-01
4.392300000000000093e-01
4.396200000000000108e-01
4.400600000000000067e-01
4.400600000000000067e-01
4.430100000000000149e-01
4.425899999999999834e-01
4.435299999999999798e-01
4.415999999999999925e-01
4.398699999999999832e-01
4.403199999999999892e-01
4.401100000000000012e-01
4.414799999999999836e-01
4.414799999999999836e-01
4.409799999999999831e-01
4.409799999999999831e-01
4.417599999999999860e-01
4.417599999999999860e-01
4.433699999999999863e-01
4.435799999999999743e-01
4.440000000000000058e-01
4.433599999999999763e-01
4.440399999999999903e-01
4.433199999999999918e-01
4.440200000000000258e-01
4.434699999999999753e-01
4.425799999999999734e-01
4.426999999999999824e-01
4.439699999999999758e-01
4.415999999999999925e-01
4.415799999999999725e-01
4.405200000000000227e-01
4.420000000000000040e-01
4.420000000000000040e-01
4.435000000000000053e-01
4.422699999999999965e-01
4.423300000000000010e-01
4.412900000000000156e-01
4.437300000000000133e-01
4.432599999999999874e-01
4.422200000000000020e-01
4.439699999999999758e-01
4.418199999999999905e-01
4.418000000000000260e-01
4.417300000000000115e-01
4.417200000000000015e-01
4.417200000000000015e-01
4.417200000000000015e-01
4.417200000000000015e-01
4.417200000000000015e-01
4.417200000000000015e-01
4.417200000000000015e-01
4.417200000000000015e-01
4.417200000000000015e-01
4.417200000000000015e-01
4.417200000000000015e-01
4.417200000000000015e-01
4.417200000000000015e-01
4.403900000000000037e-01
4.408699999999999841e-01
4.394000000000000128e-01
4.409299999999999886e-01
4.394700000000000273e-01
4.407200000000000006e-01
4.407800000000000051e-01
4.403599999999999737e-01
4.403699999999999837e-01
4.406900000000000261e-01
4.406900000000000261e-01
4.389700000000000268e-01
4.389700000000000268e-01
4.395299999999999763e-01
4.395700000000000163e-01
4.400899999999999812e-01
4.406499999999999861e-01
4.406800000000000161e-01
4.406900000000000261e-01
4.406900000000000261e-01
4.409100000000000241e-01
4.411499999999999866e-01
4.415700000000000180e-01
4.420100000000000140e-01
4.425000000000000044e-01
4.425000000000000044e-01
4.425000000000000044e-01
4.422800000000000065e-01
4.425000000000000044e-01
4.425000000000000044e-01
4.439199999999999813e-01
4.420799999999999730e-01
4.427300000000000124e-01
4.410100000000000131e-01
4.411499999999999866e-01
4.431200000000000139e-01
4.436200000000000143e-01
4.435700000000000198e-01
4.436800000000000188e-01
4.421900000000000275e-01
4.423400000000000110e-01
4.424500000000000099e-01
4.427400000000000224e-01
4.424600000000000199e-01
4.423500000000000210e-01
4.423400000000000110e-01
4.415000000000000036e-01
4.412900000000000156e-01
4.422300000000000120e-01
4.422300000000000120e-01
4.409299999999999886e-01
4.409399999999999986e-01
4.409399999999999986e-01
4.424899999999999944e-01
4.415200000000000236e-01
4.415200000000000236e-01
4.415200000000000236e-01
4.409100000000000241e-01
4.409100000000000241e-01
4.403000000000000247e-01
4.401499999999999857e-01
4.401499999999999857e-01
4.407300000000000106e-01
4.419500000000000095e-01
4.419699999999999740e-01
4.423799999999999955e-01
4.413199999999999901e-01
4.423900000000000055e-01
4.424000000000000155e-01
4.429799999999999849e-01
4.429799999999999849e-01
4.413799999999999946e-01
4.413199999999999901e-01
4.413199999999999901e-01
4.413199999999999901e-01
4.413199999999999901e-01
4.413300000000000001e-01
4.413199999999999901e-01
4.413500000000000201e-01
4.413400000000000101e-01
4.413199999999999901e-01
4.409100000000000241e-01
4.427599999999999869e-01
4.413300000000000001e-01
4.411399999999999766e-01
4.405399999999999872e-01
4.405000000000000027e-01
4.404899999999999927e-01
4.404899999999999927e-01
4.404899999999999927e-01
4.404899999999999927e-01
4.404899999999999927e-01
4.404899999999999927e-01
4.404899999999999927e-01
4.404899999999999927e-01
4.404899999999999927e-01
4.404899999999999927e-01
4.404899999999999927e-01
4.404899999999999927e-01
4.404899999999999927e-01
4.404899999999999927e-01
4.404899999999999927e-01
4.404899999999999927e-01
4.404899999999999927e-01
4.416399999999999770e-01
4.416599999999999970e-01
4.420200000000000240e-01
4.416399999999999770e-01
4.416399999999999770e-01
4.416399999999999770e-01
4.412599999999999856e-01
4.425000000000000044e-01
4.406499999999999861e-01
4.405000000000000027e-01
4.402800000000000047e-01
4.401800000000000157e-01
4.401700000000000057e-01
4.401700000000000057e-01
4.422699999999999965e-01
4.420399999999999885e-01
4.400200000000000222e-01
4.400000000000000022e-01
4.400000000000000022e-01
4.400000000000000022e-01
4.399000000000000132e-01
4.399000000000000132e-01
4.399000000000000132e-01
4.399000000000000132e-01
4.407499999999999751e-01
4.399000000000000132e-01
4.399000000000000132e-01
4.398099999999999787e-01
4.390100000000000113e-01
4.390000000000000013e-01
4.389000000000000123e-01
4.388500000000000179e-01
4.388299999999999979e-01
4.401999999999999802e-01
4.388299999999999979e-01
4.381499999999999839e-01
4.381300000000000194e-01
4.381300000000000194e-01
4.381300000000000194e-01
4.381300000000000194e-01
4.381300000000000194e-01
4.381300000000000194e-01
4.392900000000000138e-01
4.399799999999999822e-01
4.400899999999999812e-01
4.394600000000000173e-01
4.396499999999999853e-01
4.393199999999999883e-01
4.400999999999999912e-01
4.393400000000000083e-01
4.393400000000000083e-01
4.393400000000000083e-01
4.406800000000000161e-01
4.402200000000000002e-01
4.388099999999999778e-01
4.404500000000000082e-01
4.410700000000000176e-01
4.396599999999999953e-01
4.420000000000000040e-01
4.402200000000000002e-01
4.422099999999999920e-01
4.421800000000000175e-01
4.414600000000000191e-01
4.422300000000000120e-01
4.422300000000000120e-01
4.425000000000000044e-01
4.428500000000000214e-01
4.428699999999999859e-01
4.429000000000000159e-01
4.429000000000000159e-01
4.413799999999999946e-01
4.414299999999999891e-01
4.414299999999999891e-01
4.427900000000000169e-01
4.427300000000000124e-01
4.424199999999999799e-01
4.428000000000000269e-01
4.420299999999999785e-01
4.430000000000000049e-01
4.430000000000000049e-01
4.419500000000000095e-01
4.416300000000000225e-01
4.416300000000000225e-01
4.415999999999999925e-01
4.414600000000000191e-01
4.413599999999999746e-01
4.413900000000000046e-01
4.413699999999999846e-01
4.413599999999999746e-01
4.421800000000000175e-01
4.425000000000000044e-01
4.426899999999999724e-01
4.429500000000000104e-01
4.430000000000000049e-01
4.430000000000000049e-01
4.430000000000000049e-01
4.434000000000000163e-01
4.434000000000000163e-01
4.434000000000000163e-01
4.417599999999999860e-01
4.436800000000000188e-01
4.418300000000000005e-01
4.437999999999999723e-01
4.440000000000000058e-01
4.440000000000000058e-01
4.440000000000000058e-01
4.440799999999999748e-01
4.445000000000000062e-01
4.445000000000000062e-01
4.445000000000000062e-01
4.445000000000000062e-01
4.445000000000000062e-01
4.437999999999999723e-01
4.445000000000000062e-01
4.445500000000000007e-01
4.445500000000000007e-01
4.445500000000000007e-01
4.441700000000000093e-01
4.445999999999999952e-01
4.429299999999999904e-01
4.419899999999999940e-01
4.445000000000000062e-01
4.445000000000000062e-01
4.445100000000000162e-01
4.427300000000000124e-01
4.440899999999999848e-01
4.425200000000000244e-01
4.425100000000000144e-01
4.439000000000000168e-01
4.435000000000000053e-01
4.435899999999999843e-01
4.419899999999999940e-01
4.419000000000000150e-01
4.418199999999999905e-01
4.419899999999999940e-01
4.419399999999999995e-01
4.431499999999999884e-01
4.431700000000000084e-01
4.433000000000000274e-01
4.431100000000000039e-01
4.438799999999999968e-01
4.445899999999999852e-01
4.445999999999999952e-01
4.447400000000000242e-01
4.454199999999999826e-01
4.455700000000000216e-01
4.444199999999999817e-01
4.431399999999999784e-01
4.431200000000000139e-01
4.427400000000000224e-01
4.427300000000000124e-01
4.417800000000000060e-01
4.412499999999999756e-01
4.412499999999999756e-01
4.412400000000000211e-01
4.434799999999999853e-01
4.434799999999999853e-01
4.439000000000000168e-01
4.438599999999999768e-01
4.438599999999999768e-01
4.438599999999999768e-01
4.444100000000000272e-01
4.450000000000000067e-01
4.450000000000000067e-01
4.450000000000000067e-01
4.450000000000000067e-01
4.450000000000000067e-01
4.450000000000000067e-01
4.450000000000000067e-01
4.456600000000000006e-01
4.456700000000000106e-01
4.456700000000000106e-01
4.456700000000000106e-01
4.456700000000000106e-01
4.453400000000000136e-01
4.452800000000000091e-01
4.452800000000000091e-01
4.452999999999999736e-01
4.455000000000000071e-01
4.456700000000000106e-01
4.450000000000000067e-01
4.456800000000000206e-01
4.456800000000000206e-01
4.456700000000000106e-01
4.450000000000000067e-01
4.445600000000000107e-01
4.445600000000000107e-01
4.445500000000000007e-01
4.445299999999999807e-01
4.456800000000000206e-01
4.456800000000000206e-01
4.456800000000000206e-01
4.456800000000000206e-01
4.456800000000000206e-01
4.456800000000000206e-01
4.450100000000000167e-01
4.450000000000000067e-01
4.456800000000000206e-01
4.445200000000000262e-01
4.444100000000000272e-01
4.450000000000000067e-01
4.445299999999999807e-01
4.450000000000000067e-01
4.456899999999999751e-01
4.456899999999999751e-01
4.459699999999999775e-01
4.459699999999999775e-01
4.445500000000000007e-01
4.459799999999999875e-01
4.459799999999999875e-01
4.450000000000000067e-01
4.459699999999999775e-01
4.438599999999999768e-01
4.455600000000000116e-01
4.440200000000000258e-01
4.459500000000000131e-01
4.457499999999999796e-01
4.457499999999999796e-01
4.445600000000000107e-01
4.459899999999999975e-01
4.459600000000000231e-01
4.459600000000000231e-01
4.459600000000000231e-01
4.459699999999999775e-01
4.456800000000000206e-01
4.456800000000000206e-01
4.445700000000000207e-01
4.456399999999999806e-01
4.459899999999999975e-01
4.459699999999999775e-01
4.459699999999999775e-01
4.459899999999999975e-01
4.459899999999999975e-01
4.459899999999999975e-01
4.459899999999999975e-01
4.459899999999999975e-01
4.459899999999999975e-01
4.459899999999999975e-01
4.459899999999999975e-01
4.459899999999999975e-01
4.459899999999999975e-01
4.459899999999999975e-01
4.459899999999999975e-01
4.459899999999999975e-01
4.448400000000000132e-01
4.460000000000000075e-01
4.460000000000000075e-01
4.459899999999999975e-01
4.459899999999999975e-01
4.459899999999999975e-01
4.459899999999999975e-01
4.459899999999999975e-01
4.459899999999999975e-01
4.447400000000000242e-01
4.447499999999999787e-01
4.459899999999999975e-01
4.459899999999999975e-01
4.459899999999999975e-01
4.450100000000000167e-01
4.459899999999999975e-01
4.459899999999999975e-01
4.459699999999999775e-01
4.459799999999999875e-01
4.459799999999999875e-01
4.450000000000000067e-01
4.451399999999999801e-01
4.451700000000000101e-01
4.438799999999999968e-01
4.438599999999999768e-01
4.450600000000000112e-01
4.434199999999999808e-01
4.433900000000000063e-01
4.437300000000000133e-01
4.439000000000000168e-01
4.438699999999999868e-01
4.450100000000000167e-01
4.451899999999999746e-01
4.451899999999999746e-01
4.451899999999999746e-01
4.451899999999999746e-01
4.451899999999999746e-01
4.451899999999999746e-01
4.459799999999999875e-01
4.454099999999999726e-01
4.454199999999999826e-01
4.459799999999999875e-01
4.459799999999999875e-01
4.443599999999999772e-01
4.444199999999999817e-01
4.444400000000000017e-01
4.444199999999999817e-01
4.443599999999999772e-01
4.443599999999999772e-01
4.457999999999999741e-01
4.457800000000000096e-01
4.457999999999999741e-01
4.457999999999999741e-01
4.445999999999999952e-01
4.459000000000000186e-01
4.459799999999999875e-01
4.459799999999999875e-01
4.459899999999999975e-01
4.459899999999999975e-01
4.459899999999999975e-01
4.459899999999999975e-01
4.446999999999999842e-01
4.446899999999999742e-01
4.445999999999999952e-01
4.445999999999999952e-01
4.444799999999999862e-01
4.444000000000000172e-01
4.459699999999999775e-01
4.444199999999999817e-01
4.444000000000000172e-01
4.442800000000000082e-01
4.442300000000000137e-01
4.436300000000000243e-01
4.436200000000000143e-01
4.445100000000000162e-01
4.445200000000000262e-01
4.445200000000000262e-01
4.445100000000000162e-01
4.436499999999999888e-01
4.440000000000000058e-01
4.437699999999999978e-01
4.445200000000000262e-01
4.437999999999999723e-01
4.436800000000000188e-01
4.436800000000000188e-01
4.440000000000000058e-01
4.440000000000000058e-01
4.440000000000000058e-01
4.436499999999999888e-01
4.436200000000000143e-01
4.435000000000000053e-01
4.435000000000000053e-01
4.431300000000000239e-01
4.431300000000000239e-01
4.431200000000000139e-01
4.430000000000000049e-01
4.430100000000000149e-01
4.430000000000000049e-01
4.428199999999999914e-01
4.428099999999999814e-01
4.428099999999999814e-01
4.428099999999999814e-01
4.428099999999999814e-01
4.429100000000000259e-01
4.440000000000000058e-01
4.440000000000000058e-01
4.445200000000000262e-01
4.445100000000000162e-01
4.445100000000000162e-01
4.445200000000000262e-01
4.459899999999999975e-01
4.460000000000000075e-01
4.460000000000000075e-01
4.459899999999999975e-01
4.460000000000000075e-01
4.460000000000000075e-01
4.460000000000000075e-01
4.451499999999999901e-01
4.456100000000000061e-01
4.451300000000000257e-01
4.460000000000000075e-01
4.460000000000000075e-01
4.452200000000000046e-01
4.460000000000000075e-01
4.460000000000000075e-01
4.460000000000000075e-01
4.460000000000000075e-01
4.460000000000000075e-01
4.463099999999999845e-01
4.468799999999999994e-01
4.468900000000000095e-01
4.469199999999999839e-01
4.475100000000000189e-01
4.470000000000000084e-01
4.475199999999999734e-01
4.475199999999999734e-01
4.465199999999999725e-01
4.465000000000000080e-01
4.475100000000000189e-01
4.453900000000000081e-01
4.453599999999999781e-01
4.468300000000000050e-01
4.471999999999999864e-01
4.472200000000000064e-01
4.469500000000000139e-01
4.469799999999999884e-01
4.455500000000000016e-01
4.458799999999999986e-01
4.466600000000000015e-01
4.472800000000000109e-01
4.472999999999999754e-01
4.460000000000000075e-01
4.455700000000000216e-01
4.455600000000000116e-01
4.458599999999999786e-01
4.469199999999999839e-01
4.469199999999999839e-01
4.450799999999999756e-01
4.450000000000000067e-01
4.446300000000000252e-01
4.449000000000000177e-01
4.449199999999999822e-01
4.449199999999999822e-01
4.449400000000000022e-01
4.463099999999999845e-01
4.460899999999999865e-01
4.461100000000000065e-01
4.461600000000000010e-01
4.474799999999999889e-01
4.474799999999999889e-01
4.473599999999999799e-01
4.475000000000000089e-01
4.476999999999999869e-01
4.479799999999999893e-01
4.479400000000000048e-01
4.480000000000000093e-01
4.480000000000000093e-01
4.480899999999999883e-01
4.484600000000000253e-01
4.485500000000000043e-01
4.488400000000000167e-01
4.488699999999999912e-01
4.488699999999999912e-01
4.488699999999999912e-01
4.486399999999999832e-01
4.482800000000000118e-01
4.486399999999999832e-01
4.486399999999999832e-01
4.486399999999999832e-01
4.486399999999999832e-01
4.486399999999999832e-01
4.489000000000000212e-01
4.499199999999999866e-01
4.499000000000000221e-01
4.499900000000000011e-01
4.499900000000000011e-01
4.489099999999999757e-01
4.498900000000000121e-01
4.499000000000000221e-01
4.500000000000000111e-01
4.500000000000000111e-01
4.500000000000000111e-01
4.500000000000000111e-01
4.500000000000000111e-01
4.500000000000000111e-01
4.500000000000000111e-01
4.500000000000000111e-01
4.500000000000000111e-01
4.500000000000000111e-01
4.500000000000000111e-01
4.500000000000000111e-01
4.500000000000000111e-01
4.500000000000000111e-01
4.500000000000000111e-01
4.500000000000000111e-01
4.500000000000000111e-01
4.500000000000000111e-01
4.500000000000000111e-01
4.500000000000000111e-01
4.500000000000000111e-01
4.500000000000000111e-01
4.500000000000000111e-01
4.500000000000000111e-01
4.500000000000000111e-01
4.500000000000000111e-01
4.500000000000000111e-01
4.500000000000000111e-01
4.500000000000000111e-01
4.500000000000000111e-01
4.498699999999999921e-01
4.491999999999999882e-01
4.498199999999999976e-01
4.498199999999999976e-01
4.499000000000000221e-01
4.480399999999999938e-01
4.480000000000000093e-01
4.471100000000000074e-01
4.470899999999999874e-01
4.469600000000000239e-01
4.477999999999999758e-01
4.481499999999999928e-01
4.481499999999999928e-01
4.481499999999999928e-01
4.477999999999999758e-01
4.477999999999999758e-01
4.457200000000000051e-01
4.456899999999999751e-01
4.482900000000000218e-01
4.482999999999999763e-01
4.479799999999999893e-01
4.479199999999999848e-01
4.478699999999999903e-01
4.478800000000000003e-01
4.460399999999999920e-01
4.464500000000000135e-01
4.473400000000000154e-01
4.478300000000000058e-01
4.465600000000000125e-01
4.466899999999999760e-01
4.466899999999999760e-01
4.475000000000000089e-01
4.479000000000000203e-01
4.482700000000000018e-01
4.482700000000000018e-01
4.476100000000000079e-01
4.473699999999999899e-01
4.476100000000000079e-01
4.466999999999999860e-01
4.463599999999999790e-01
4.460999999999999965e-01
4.460999999999999965e-01
4.460000000000000075e-01
4.456999999999999851e-01
4.455000000000000071e-01
4.450000000000000067e-01
4.450000000000000067e-01
4.449199999999999822e-01
4.446200000000000152e-01
4.446100000000000052e-01
4.445200000000000262e-01
4.445000000000000062e-01
4.445000000000000062e-01
4.445000000000000062e-01
4.439199999999999813e-01
4.445200000000000262e-01
4.440000000000000058e-01
4.465199999999999725e-01
4.473599999999999799e-01
4.462999999999999745e-01
4.465999999999999970e-01
4.469799999999999884e-01
4.454299999999999926e-01
4.460000000000000075e-01
4.470100000000000184e-01
4.478199999999999958e-01
4.467499999999999805e-01
4.467999999999999750e-01
4.470199999999999729e-01
4.460700000000000220e-01
4.460700000000000220e-01
4.460700000000000220e-01
4.455899999999999861e-01
