4.282764030555555364e+05
4.282764872222222039e+05
4.282764877777777729e+05
4.282765061111110845e+05
4.282765105555555783e+05
4.282766038888889016e+05
4.282766849999999977e+05
4.282767036111110938e+05
4.282767241666666814e+05
4.282767638888888760e+05
4.282767922222221969e+05
4.282768080555555644e+05
4.282768236111110891e+05
4.282768369444444543e+05
4.282768413888888899e+05
4.282768477777777589e+05
4.282769311111111310e+05
4.282769602777778055e+05
4.282770086111110868e+05
4.282770891666666721e+05
4.282770891666666721e+05
4.282771641666666837e+05
4.282771761111111264e+05
4.282771794444444240e+05
4.282771813888889155e+05
4.282771819444444263e+05
4.282772072222222341e+05
4.282772102777778055e+05
4.282772469444444287e+05
4.282772497222222155e+05
4.282772530555555713e+05
4.282772586111110868e+05
4.282772652777777985e+05
4.282772680555555271e+05
4.282772697222222341e+05
4.282772713888888829e+05
4.282772736111111008e+05
4.282772750000000233e+05
4.282772777777777519e+05
4.282772819444444613e+05
4.282772936111111194e+05
4.282772963888889062e+05
4.282772966666666907e+05
4.282773166666666511e+05
4.282773327777778031e+05
4.282773436111111077e+05
4.282773455555555411e+05
4.282773505555555457e+05
4.282773658333333442e+05
4.282773658333333442e+05
4.282773658333333442e+05
4.282773708333333489e+05
4.282773758333333535e+05
4.282774194444444729e+05
4.282774269444444217e+05
4.282774427777777892e+05
4.282774433333333582e+05
4.282774550000000163e+05
4.282774572222222341e+05
4.282774572222222341e+05
4.282774605555555318e+05
4.282774650000000256e+05
4.282774652777777519e+05
4.282774658333333209e+05
4.282774699999999721e+05
4.282774727777777589e+05
4.282774727777777589e+05
4.282774766666666837e+05
4.282774772222221945e+05
4.282774855555555550e+05
4.282774872222222039e+05
4.282774872222222039e+05
4.282774874999999884e+05
4.282774911111111287e+05
4.282774947222222108e+05
4.282775066666666535e+05
4.282775125000000116e+05
4.282775183333333116e+05
4.282775275000000256e+05
4.282775275000000256e+05
4.282775280555555364e+05
4.282775283333333209e+05
4.282775286111111054e+05
4.282775288888888899e+05
4.282775291666666744e+05
4.282775294444444589e+05
4.282775297222222434e+05
4.282775308333333232e+05
4.282775308333333232e+05
4.282775313888888923e+05
4.282775341666666791e+05
4.282775380555555457e+05
4.282775399999999790e+05
4.282775405555555481e+05
4.282775405555555481e+05
4.282775452777777682e+05
4.282775488888889086e+05
4.282775499999999884e+05
4.282775630555555690e+05
4.282775741666666581e+05
4.282775791666666628e+05
4.282775791666666628e+05
4.282775791666666628e+05
4.282775913888888899e+05
4.282775963888888946e+05
4.282776044444444706e+05
4.282776047222221969e+05
4.282776049999999814e+05
4.282776066666666884e+05
4.282776119444444194e+05
4.282776119444444194e+05
4.282776286111110821e+05
4.282776291666666511e+05
4.282776294444444356e+05
4.282776472222222365e+05
4.282776475000000210e+05
4.282776475000000210e+05
4.282776530555555364e+05
4.282776633333333302e+05
4.282776969444444403e+05
4.282777063888888806e+05
4.282777094444444519e+05
4.282777158333333209e+05
4.282777197222222458e+05
4.282777269444444682e+05
4.282777374999999884e+05
4.282777463888889179e+05
4.282777469444444287e+05
4.282777469444444287e+05
4.282777905555555481e+05
4.282777905555555481e+05
4.282777911111111171e+05
4.282778772222222178e+05
4.282779177777777659e+05
4.282779361111111357e+05
4.282779366666666465e+05
4.282779519444444450e+05
4.282779608333333163e+05
4.282780200000000186e+05
4.282780338888888946e+05
4.282780972222222481e+05
4.282780972222222481e+05
4.282780972222222481e+05
4.282781641666666837e+05
4.282782136111111031e+05
4.282782516666666488e+05
4.282782516666666488e+05
4.282782519444444333e+05
4.282782533333333558e+05
4.282783161111110821e+05
4.282783225000000093e+05
4.282783649999999907e+05
4.282783649999999907e+05
4.282783649999999907e+05
4.282783663888889132e+05
4.282784077777777566e+05
4.282784366666666465e+05
4.282784738888888969e+05
4.282784738888888969e+05
4.282784738888888969e+05
4.282784955555555644e+05
4.282785397222221945e+05
4.282785447222221992e+05
4.282785491666666931e+05
4.282786766666666954e+05
4.282786880555555690e+05
4.282786891666666488e+05
4.282788780555555713e+05
4.282788919444444473e+05
4.282788933333333116e+05
4.282788936111110961e+05
4.282788977777778055e+05
4.282789019444444566e+05
4.282789019444444566e+05
4.282789105555555434e+05
4.282789208333333372e+05
4.282789213888889062e+05
4.282790766666666605e+05
4.282790869444444543e+05
4.282790991666666814e+05
4.282791438888888806e+05
4.282791777777777752e+05
4.282791777777777752e+05
4.282792075000000186e+05
4.282792113888888853e+05
4.282792663888888783e+05
4.282792686111110961e+05
4.282792741666666698e+05
4.282792741666666698e+05
4.282793061111111310e+05
4.282793061111111310e+05
4.282793111111111357e+05
4.282793200000000070e+05
4.282793238888888736e+05
4.282793333333333139e+05
4.282793352777778055e+05
4.282793461111111101e+05
4.282793466666666791e+05
4.282793658333333442e+05
4.282793797222222202e+05
4.282793847222222248e+05
4.282793930555555271e+05
4.282794030555555364e+05
4.282794191666666884e+05
4.282794602777778055e+05
4.282794605555555318e+05
4.282794619444444543e+05
4.282794633333333186e+05
4.282794633333333186e+05
4.282794749999999767e+05
4.282795127777777961e+05
4.282795555555555620e+05
4.282796172222222085e+05
4.282796174999999930e+05
4.282796966666666558e+05
4.282796972222222248e+05
4.282796986111110891e+05
4.282796991666666581e+05
4.282797500000000000e+05
4.282797502777777845e+05
4.282797980555555550e+05
4.282798136111111380e+05
4.282798158333333558e+05
4.282798183333333582e+05
4.282798363888888853e+05
4.282798386111111031e+05
4.282798394444444566e+05
4.282798397222222411e+05
4.282798400000000256e+05
4.282798400000000256e+05
4.282798400000000256e+05
4.282798402777777519e+05
4.282798405555555364e+05
4.282798405555555364e+05
4.282798405555555364e+05
4.282798405555555364e+05
4.282798477777777589e+05
4.282798483333333279e+05
4.282798611111111240e+05
4.282798688888889155e+05
4.282798936111110961e+05
4.282798938888888806e+05
4.282799502777777961e+05
4.282799533333333093e+05
4.282799733333333279e+05
4.282799874999999884e+05
4.282800013888888643e+05
4.282800013888888643e+05
4.282800041666666511e+05
4.282800130555555806e+05
4.282800177777778008e+05
4.282800183333333116e+05
4.282800513888889109e+05
4.282802386111111264e+05
4.282803072222222108e+05
4.282803077777777798e+05
4.282803202777777915e+05
4.282803413888888899e+05
4.282803438888888923e+05
4.282803888888888760e+05
4.282803894444444450e+05
4.282803894444444450e+05
4.282804425000000047e+05
4.282804466666666558e+05
4.282804466666666558e+05
4.282804755555555457e+05
4.282804755555555457e+05
4.282804755555555457e+05
4.282804769444444682e+05
4.282804783333333326e+05
4.282804797222221969e+05
4.282805669444444356e+05
4.282805672222222202e+05
4.282805675000000047e+05
4.282805677777777892e+05
4.282805686111110845e+05
4.282805686111110845e+05
4.282805686111110845e+05
4.282805758333333069e+05
4.282807766666666721e+05
4.282807861111111124e+05
4.282807936111111194e+05
4.282807963888889062e+05
4.282807974999999860e+05
4.282807999999999884e+05
4.282808002777777729e+05
4.282808411111111054e+05
4.282808480555555434e+05
4.282808516666666837e+05
4.282809261111111264e+05
4.282809866666666931e+05
4.282810086111110868e+05
4.282810602777777822e+05
4.282810602777777822e+05
4.282810602777777822e+05
4.282810602777777822e+05
4.282811319444444380e+05
4.282811727777777705e+05
4.282812913888889016e+05
4.282812919444444706e+05
4.282813480555555434e+05
4.282816666666666861e+05
4.282816708333333372e+05
4.282816708333333372e+05
4.282818313888888806e+05
4.282818430555555387e+05
4.282819302777777775e+05
4.282820144444444450e+05
4.282820150000000140e+05
4.282820338888888946e+05
4.282822872222222504e+05
4.282826855555555667e+05
4.282827441666666418e+05
4.282839694444444613e+05
4.282839783333333326e+05
4.282842002777777961e+05
4.282843372222222388e+05
4.282848777777777868e+05
4.282848797222222202e+05
4.282849069444444613e+05
4.282849069444444613e+05
4.282849069444444613e+05
4.282849249999999884e+05
4.282849319444444263e+05
4.282849705555555411e+05
4.282850016666666488e+05
4.282850019444444333e+05
4.282850063888888690e+05
4.282850147222222295e+05
4.282850861111111008e+05
4.282852697222222341e+05
4.282852697222222341e+05
4.282853333333333139e+05
4.282854138888888992e+05
4.282854613888888853e+05
4.282855141666666605e+05
4.282856666666666861e+05
4.282858513888888992e+05
4.282860000000000000e+05
4.282860013888888643e+05
4.282860108333333046e+05
4.282861269444444333e+05
4.282861722222222015e+05
4.282862733333333163e+05
4.282862733333333163e+05
4.282862733333333163e+05
4.282862733333333163e+05
4.282862738888888853e+05
4.282862738888888853e+05
4.282862738888888853e+05
4.282862738888888853e+05
4.282862750000000233e+05
4.282862750000000233e+05
4.282862750000000233e+05
4.282862752777777496e+05
4.282862758333333186e+05
4.282862758333333186e+05
4.282862769444444566e+05
4.282862802777777542e+05
4.282863333333333139e+05
4.282864808333333349e+05
4.282865097222222248e+05
4.282865672222222202e+05
4.282866666666666861e+05
4.282867772222222411e+05
4.282867777777777519e+05
4.282868822222222225e+05
4.282868822222222225e+05
4.282868822222222225e+05
4.282868844444444403e+05
4.282869602777778055e+05
4.282869602777778055e+05
4.282869922222222085e+05
4.282870000000000000e+05
4.282870222222222365e+05
4.282870222222222365e+05
4.282870222222222365e+05
4.282870222222222365e+05
4.282870236111111008e+05
4.282872408333333442e+05
4.282874777777777635e+05
4.282874783333333326e+05
4.282874783333333326e+05
4.282874783333333326e+05
4.282876599999999744e+05
4.282876599999999744e+05
4.282876944444444380e+05
4.282876950000000070e+05
4.282877063888888806e+05
4.282877069444444496e+05
4.282878030555555597e+05
4.282879636111111031e+05
4.282880000000000000e+05
4.282880380555555457e+05
4.282881291666666511e+05
4.282883377777777496e+05
4.282885077777777915e+05
4.282885433333333349e+05
4.282885841666666674e+05
4.282886666666666861e+05
4.282886891666666488e+05
4.282888427777777542e+05
4.282888630555555574e+05
4.282888947222222341e+05
4.282888950000000186e+05
4.282889450000000070e+05
4.282889577777778031e+05
4.282889633333333186e+05
4.282889947222222108e+05
4.282890000000000000e+05
4.282890186111110961e+05
4.282890213888888829e+05
4.282891172222222085e+05
4.282891733333333395e+05
4.282891872222222155e+05
4.282891897222222178e+05
4.282891897222222178e+05
4.282892066666666651e+05
4.282892066666666651e+05
4.282892066666666651e+05
4.282892066666666651e+05
4.282893333333333139e+05
4.282893436111111077e+05
4.282893441666666768e+05
4.282894161111111171e+05
4.282896036111111171e+05
4.282896066666666884e+05
4.282896069444444729e+05
4.282896069444444729e+05
4.282896069444444729e+05
4.282896077777777682e+05
4.282896094444444170e+05
4.282896097222222015e+05
4.282896097222222015e+05
4.282896105555555550e+05
4.282896538888888899e+05
4.282896538888888899e+05
4.282896630555555457e+05
4.282896630555555457e+05
4.282896666666666861e+05
4.282896666666666861e+05
4.282897755555555341e+05
4.282899727777777589e+05
4.282899727777777589e+05
4.282899727777777589e+05
4.282899727777777589e+05
4.282899727777777589e+05
4.282899730555555434e+05
4.282899730555555434e+05
4.282899730555555434e+05
4.282899730555555434e+05
4.282899730555555434e+05
4.282899733333333279e+05
4.282899733333333279e+05
4.282899733333333279e+05
4.282899733333333279e+05
4.282899733333333279e+05
4.282899733333333279e+05
4.282899733333333279e+05
4.282899733333333279e+05
4.282899736111111124e+05
4.282899736111111124e+05
4.282899736111111124e+05
4.282899738888888969e+05
4.282899738888888969e+05
4.282899738888888969e+05
4.282900000000000000e+05
4.282900280555555364e+05
4.282900905555555364e+05
4.282900911111111054e+05
4.282902366666666931e+05
4.282903063888889155e+05
4.282903333333333139e+05
4.282903466666666791e+05
4.282904597222222365e+05
4.282904600000000210e+05
4.282904600000000210e+05
4.282904652777777519e+05
4.282904713888888946e+05
4.282904777777777635e+05
4.282904777777777635e+05
4.282904777777777635e+05
4.282904844444444170e+05
4.282904844444444170e+05
4.282905013888888643e+05
4.282905061111110845e+05
4.282905075000000070e+05
4.282905530555555597e+05
4.282905897222222411e+05
4.282905897222222411e+05
4.282905897222222411e+05
4.282905900000000256e+05
4.282905900000000256e+05
4.282905900000000256e+05
4.282906111111111240e+05
4.282906111111111240e+05
4.282906252777777845e+05
4.282906333333333605e+05
4.282906500000000233e+05
4.282906500000000233e+05
4.282906533333333209e+05
4.282906533333333209e+05
4.282906547222222434e+05
4.282906561111111077e+05
4.282906666666666861e+05
4.282907369444444194e+05
4.282907633333333069e+05
4.282907700000000186e+05
4.282908069444444263e+05
4.282908183333333582e+05
4.282908308333333116e+05
4.282908338888888829e+05
4.282908805555555737e+05
4.282909330555555644e+05
4.282909330555555644e+05
4.282909433333333582e+05
4.282909569444444496e+05
4.282910000000000000e+05
4.282910008333333535e+05
4.282910466666666907e+05
4.282910477777777705e+05
4.282910988888888969e+05
4.282911091666666907e+05
4.282911983333333046e+05
4.282912233333333279e+05
4.282912886111111147e+05
4.282912941666666884e+05
4.282913030555555597e+05
4.282913069444444263e+05
4.282913150000000023e+05
4.282913150000000023e+05
4.282913150000000023e+05
4.282913150000000023e+05
4.282913333333333139e+05
4.282913672222222085e+05
4.282913852777777938e+05
4.282913922222222318e+05
4.282914022222222411e+05
4.282914583333333139e+05
4.282914980555555667e+05
4.282915925000000279e+05
4.282916013888888992e+05
4.282916241666666465e+05
4.282916669444444706e+05
4.282916891666666488e+05
4.282917180555555387e+05
4.282917183333333232e+05
4.282917452777777798e+05
4.282917641666666605e+05
4.282917661111110938e+05
4.282917661111110938e+05
4.282917661111110938e+05
4.282917755555555341e+05
4.282917863888888969e+05
4.282917869444444659e+05
4.282918730555555667e+05
4.282918730555555667e+05
4.282918730555555667e+05
4.282919083333333256e+05
4.282919494444444426e+05
4.282919497222222271e+05
4.282919516666666605e+05
4.282920000000000000e+05
4.282920019444444333e+05
4.282920063888888690e+05
4.282921252777777845e+05
4.282921347222222248e+05
4.282921347222222248e+05
4.282921350000000093e+05
4.282921366666666581e+05
4.282921391666666605e+05
4.282921475000000210e+05
4.282921597222222481e+05
4.282921655555555481e+05
4.282921658333333326e+05
4.282921730555555550e+05
4.282921930555555737e+05
4.282921930555555737e+05
4.282921930555555737e+05
4.282921930555555737e+05
4.282921941666666535e+05
4.282921958333333605e+05
4.282922230555555434e+05
4.282923094444444287e+05
4.282923099999999977e+05
4.282923099999999977e+05
4.282923102777777822e+05
4.282923333333333139e+05
4.282924002777777496e+05
4.282924013888888876e+05
4.282924016666666721e+05
4.282924363888888620e+05
4.282925433333333349e+05
4.282925861111111008e+05
4.282926649999999790e+05
4.282926652777777635e+05
4.282926666666666861e+05
4.282926838888889179e+05
4.282927033333333093e+05
4.282927144444444566e+05
4.282927144444444566e+05
4.282927144444444566e+05
4.282927152777777519e+05
4.282927155555555364e+05
4.282927155555555364e+05
4.282927155555555364e+05
4.282927155555555364e+05
4.282927158333333209e+05
4.282927158333333209e+05
4.282927163888888899e+05
4.282927175000000279e+05
4.282927175000000279e+05
4.282927175000000279e+05
4.282927175000000279e+05
4.282927175000000279e+05
4.282927175000000279e+05
4.282927175000000279e+05
4.282927175000000279e+05
4.282927563888888690e+05
4.282928105555555667e+05
4.282928136111111380e+05
4.282929127777777612e+05
4.282929158333333326e+05
4.282929172222221969e+05
4.282929255555555574e+05
4.282929313888889155e+05
4.282929344444444287e+05
4.282929366666666465e+05
4.282929388888888643e+05
4.282929450000000070e+05
4.282929488888888736e+05
4.282929550000000163e+05
4.282929555555555271e+05
4.282929600000000210e+05
4.282929600000000210e+05
4.282929600000000210e+05
4.282929602777778055e+05
4.282929650000000256e+05
4.282929666666666744e+05
4.282929666666666744e+05
4.282929666666666744e+05
4.282929666666666744e+05
4.282929811111111194e+05
4.282930000000000000e+05
4.282930313888888923e+05
4.282930313888888923e+05
4.282930369444444659e+05
4.282930377777777612e+05
4.282930483333333395e+05
4.282930483333333395e+05
4.282930486111111240e+05
4.282930486111111240e+05
4.282930513888889109e+05
4.282930672222222202e+05
4.282931036111111171e+05
4.282931036111111171e+05
4.282931036111111171e+05
4.282931038888889016e+05
4.282931525000000256e+05
4.282931525000000256e+05
4.282931586111111101e+05
4.282931624999999767e+05
4.282931652777777635e+05
4.282931780555555597e+05
4.282931950000000070e+05
4.282932044444444473e+05
4.282932075000000186e+05
4.282932080555555294e+05
4.282932230555555434e+05
4.282932233333333279e+05
4.282932305555555504e+05
4.282932408333333442e+05
4.282932408333333442e+05
4.282932775000000256e+05
4.282932836111111101e+05
4.282933333333333139e+05
4.282933455555555411e+05
4.282933930555555271e+05
4.282934299999999930e+05
4.282934866666666931e+05
4.282935194444444496e+05
4.282935408333333326e+05
4.282935533333333442e+05
4.282936300000000047e+05
4.282936305555555737e+05
4.282936616666666814e+05
4.282936647222221945e+05
4.282936652777777635e+05
4.282936655555555481e+05
4.282936666666666861e+05
4.282936680555555504e+05
4.282936702777777682e+05
4.282936799999999930e+05
4.282936802777777775e+05
4.282936816666666418e+05
4.282936866666666465e+05
4.282936866666666465e+05
4.282936866666666465e+05
4.282936869444444310e+05
4.282936877777777845e+05
4.282936975000000093e+05
4.282936977777777938e+05
4.282937000000000116e+05
4.282937025000000140e+05
4.282937055555555271e+05
4.282937119444444543e+05
4.282937122222222388e+05
4.282937227777777589e+05
4.282937347222222015e+05
4.282937349999999860e+05
4.282937352777777705e+05
4.282937358333333395e+05
4.282937477777777822e+05
4.282937480555555667e+05
4.282937602777777938e+05
4.282938866666666581e+05
4.282938919444444473e+05
4.282938966666666674e+05
4.282939199999999837e+05
4.282939586111110984e+05
4.282939866666666931e+05
4.282940000000000000e+05
4.282940272222222411e+05
4.282940300000000279e+05
4.282940558333333465e+05
4.282940711111110868e+05
4.282940866666666698e+05
4.282940905555555364e+05
4.282941305555555737e+05
4.282941727777777705e+05
4.282941986111110891e+05
4.282941986111110891e+05
4.282942205555555411e+05
4.282942794444444589e+05
4.282942794444444589e+05
4.282943333333333139e+05
4.282943438888888923e+05
4.282943474999999744e+05
4.282943533333333326e+05
4.282944055555555387e+05
4.282944111111111124e+05
4.282944113888888969e+05
4.282944113888888969e+05
4.282944311111111310e+05
4.282944530555555830e+05
4.282946124999999884e+05
4.282946288888888666e+05
4.282946666666666861e+05
4.282947097222222365e+05
4.282947097222222365e+05
4.282947847222222481e+05
4.282948008333333419e+05
4.282948074999999953e+05
4.282948236111110891e+05
4.282948797222222202e+05
4.282948800000000047e+05
4.282949319444444263e+05
4.282949575000000186e+05
4.282949730555555434e+05
4.282949733333333279e+05
4.282950002777777845e+05
4.282950511111111264e+05
4.282950513888889109e+05
4.282950516666666954e+05
4.282950922222222434e+05
4.282951199999999953e+05
4.282951438888888806e+05
4.282951483333333163e+05
4.282951513888888876e+05
4.282951513888888876e+05
4.282951769444444217e+05
4.282951769444444217e+05
4.282951780555555597e+05
4.282953333333333139e+05
4.282953358333333163e+05
4.282953372222222388e+05
4.282953466666666791e+05
4.282954408333333558e+05
4.282954569444444496e+05
4.282954822222221992e+05
4.282954822222221992e+05
4.282956033333333326e+05
4.282956074999999837e+05
4.282956163888889132e+05
4.282956586111111101e+05
4.282956666666666861e+05
4.282957500000000000e+05
4.282957505555555690e+05
4.282957536111110821e+05
4.282957597222222248e+05
4.282957652777777985e+05
4.282957652777777985e+05
4.282958763888888643e+05
4.282958763888888643e+05
4.282959172222221969e+05
4.282959652777777519e+05
4.282959652777777519e+05
4.282959652777777519e+05
4.282960000000000000e+05
4.282960000000000000e+05
4.282960036111110821e+05
4.282960036111110821e+05
4.282960036111110821e+05
4.282960050000000047e+05
4.282960061111110845e+05
4.282960061111110845e+05
4.282960063888888690e+05
4.282960075000000070e+05
4.282960141666666605e+05
4.282960141666666605e+05
4.282960422222221969e+05
4.282960752777777961e+05
4.282960841666666674e+05
4.282961077777777682e+05
4.282961111111111240e+05
4.282961297222222202e+05
4.282961447222222341e+05
4.282961680555555504e+05
4.282961686111111194e+05
4.282961797222222085e+05
4.282962338888889062e+05
4.282962344444444170e+05
4.282962563888888690e+05
4.282962575000000070e+05
4.282963333333333139e+05
4.282963572222221992e+05
4.282963699999999953e+05
4.282963702777777798e+05
4.282963991666666698e+05
4.282964455555555760e+05
4.282964655555555364e+05
4.282964708333333256e+05
4.282964716666666791e+05
4.282964799999999814e+05
4.282964799999999814e+05
4.282964805555555504e+05
4.282964811111111194e+05
4.282964811111111194e+05
4.282964811111111194e+05
4.282964811111111194e+05
4.282964813888889039e+05
4.282964852777777705e+05
4.282964855555555550e+05
4.282965094444444403e+05
4.282965094444444403e+05
4.282965269444444566e+05
4.282965291666666744e+05
4.282965297222222434e+05
4.282965733333333046e+05
4.282965863888888853e+05
4.282966080555555527e+05
4.282966230555555667e+05
4.282966236111111357e+05
4.282966327777777915e+05
4.282967069444444496e+05
4.282968427777777542e+05
4.282968433333333232e+05
4.282968433333333232e+05
4.282969791666666861e+05
4.282969938888889155e+05
4.282969938888889155e+05
4.282970227777778055e+05
4.282971877777777845e+05
4.282971877777777845e+05
4.282973333333333139e+05
4.282973372222222388e+05
4.282973411111111054e+05
4.282973722222222132e+05
4.282974363888888620e+05
4.282974366666666465e+05
4.282974466666666558e+05
4.282974625000000233e+05
4.282974816666666884e+05
4.282975486111111240e+05
4.282975608333333512e+05
4.282975791666666628e+05
4.282975983333333279e+05
4.282977622222222271e+05
4.282977627777777961e+05
4.282977627777777961e+05
4.282977627777777961e+05
4.282977627777777961e+05
4.282979547222222318e+05
4.282979558333333116e+05
4.282979855555555550e+05
4.282979861111111240e+05
4.282979861111111240e+05
4.282979861111111240e+05
4.282979866666666931e+05
4.282979866666666931e+05
4.282979866666666931e+05
4.282979938888889155e+05
4.282980008333333535e+05
4.282980016666666488e+05
4.282980152777777985e+05
4.282980155555555830e+05
4.282980169444444473e+05
4.282980175000000163e+05
4.282980186111110961e+05
4.282980191666666651e+05
4.282980197222222341e+05
4.282980197222222341e+05
4.282980197222222341e+05
4.282980338888888946e+05
4.282980372222222504e+05
4.282980372222222504e+05
4.282980372222222504e+05
4.282980372222222504e+05
4.282980372222222504e+05
4.282980372222222504e+05
4.282980372222222504e+05
4.282980374999999767e+05
4.282980374999999767e+05
4.282980374999999767e+05
4.282980374999999767e+05
4.282980374999999767e+05
4.282980374999999767e+05
4.282980374999999767e+05
4.282980374999999767e+05
4.282980374999999767e+05
4.282980374999999767e+05
4.282980374999999767e+05
4.282980374999999767e+05
4.282980377777777612e+05
4.282980377777777612e+05
4.282980377777777612e+05
4.282980377777777612e+05
4.282980377777777612e+05
4.282980377777777612e+05
4.282980377777777612e+05
4.282980377777777612e+05
4.282980377777777612e+05
4.282980377777777612e+05
4.282980377777777612e+05
4.282980377777777612e+05
4.282980380555555457e+05
4.282980650000000023e+05
4.282980900000000256e+05
4.282980902777777519e+05
4.282980902777777519e+05
4.282981033333333326e+05
4.282981583333333256e+05
4.282981955555555760e+05
4.282982263888888992e+05
4.282982441666666418e+05
4.282983388888888876e+05
4.282984952777777798e+05
4.282985216666666674e+05
4.282985216666666674e+05
4.282985219444444519e+05
4.282985705555555760e+05
4.282985705555555760e+05
4.282985705555555760e+05
4.282985705555555760e+05
4.282985761111110914e+05
4.282985763888888760e+05
4.282986219444444287e+05
4.282986363888888736e+05
4.282986402777777985e+05
4.282986408333333093e+05
4.282986408333333093e+05
4.282987058333333116e+05
4.282987297222221969e+05
4.282987302777777659e+05
4.282988177777777892e+05
4.282988533333333326e+05
4.282988533333333326e+05
4.282988569444444729e+05
4.282988574999999837e+05
4.282988574999999837e+05
4.282988574999999837e+05
4.282989783333333326e+05
4.282991038888889016e+05
4.282991041666666861e+05
4.282992561111110845e+05
4.282993333333333139e+05
4.282993333333333139e+05
4.282994338888889179e+05
4.282994344444444287e+05
4.282994344444444287e+05
4.282994344444444287e+05
4.282994344444444287e+05
4.282994344444444287e+05
4.282994344444444287e+05
4.282994344444444287e+05
4.282994347222222132e+05
4.282994347222222132e+05
4.282994347222222132e+05
4.282994349999999977e+05
4.282994349999999977e+05
4.282994349999999977e+05
4.282994349999999977e+05
4.282994352777777822e+05
4.282994427777777892e+05
4.282994430555555737e+05
4.282995688888888690e+05
4.282995688888888690e+05
4.282996619444444659e+05
4.282996733333333395e+05
4.282996991666666581e+05
4.282996997222222271e+05
4.282997199999999721e+05
4.282998638888889109e+05
4.282998638888889109e+05
4.282998638888889109e+05
4.283000766666666605e+05
4.283001280555555713e+05
4.283001458333333139e+05
4.283003333333333139e+05
